-8.27009473627169
-2.41362326680727
1.2728600681849
-2.47187644672049
-0.946995955857604
-5.57593382152294
2.27272354950761
1.19948496111327
-3.33541145022425
-3.4376374426702
-2.2932510298196
-2.70532180589158
0.203356354134842
-5.98137910348531
-0.320383679259915
-10.44651237265
-4.4931303074887
-3.43172944483711
4.23858215757069
-5.22397536033742
-2.21036795897199
-6.19239514204206
1.51305196386508
1.54210209584622
-2.17211171178628
-9.12781104278694
-5.76548335275776
-6.52424317816081
-1.05575299466885
-9.55481307035433
1.60482952942721
-6.80206696234442
-5.83343959577654
-1.92974030502951
-8.30511640989997
-4.16114272083351
-10.6591200675165
-6.50999323257338
-1.02227385506867
-2.173639628084
-3.75816355857232
-12.3085302527684
-2.43562384214845
-2.62029409655354
-6.69897769794828
3.21220353931853
-2.72641300621534
-4.85095188113854
-6.15095817990043
-4.41734276695744
-5.57410042436774
4.55046976245391
-2.47004409322502
-4.47419688824926
-3.60670994909769
-12.4745689251106
0.694813705427177
-2.04544856816973
-4.00054359271273
-2.3246169590024
-13.0056589212959
-1.29757520752174
-8.08428097769091
0.0853924222062478
-5.99602999926683
-3.9081044064878
-4.68557114483521
-6.57468802970795
-7.29219543236809
-2.25141580676798
-7.34435514535406
-5.0308019867276
-5.27210031711429
-0.298591176724973
-1.65893108778009
-4.28595820075246
-3.24778259665529
1.01844695685621
-0.598579634718289
-4.40650728314983
1.7164477612368
-2.71558246247894
-5.58232617496809
-4.11313316920123
-7.98060845512073
-2.68853141339026
-1.58140168826792
-3.78913188593132
-8.83725094866208
-2.11879118534456
3.05727065374056
2.79901302623764
-5.00429936574308
-7.05032633488487
-0.136724323873888
-5.21034281390386
3.08801854969529
0.202421180048152
-1.24503882930481
0.287984638033866
