-124.50295576421
84.4517379255907
-25.0504916855132
49.8405344191299
15.2728552302091
-27.1524735660212
21.0427323172281
27.6745969768294
-8.3938792189714
21.3817910415289
43.8560843165936
4.64454375327673
-10.3695563669623
-60.3064299233801
11.6074961745915
-23.2391034762778
-14.9563819599297
25.6332149522221
28.0360773921863
-6.84937653893742
28.585562736092
18.1515050676907
-1.82875407820264
-40.1262161029485
19.4972202317259
-36.9208147695442
-33.6663356264274
-113.088358487453
-16.6741802187391
-149.37041485457
49.6110930164429
-15.1008983572748
44.8189773984367
-9.67607417473152
-58.2541524774468
37.5934916731487
-17.7690669330919
-24.7591182318294
30.5303657804899
25.6151006210037
-14.158819507889
-276.816319890338
3.39520927360372
29.1032219435956
-42.0735380079212
-15.3924029479644
-28.0822019376544
-7.54216327791641
-8.93025329990353
34.0326578277392
39.8876121098767
-13.7105398415545
0.461084860345036
-51.9836111105379
41.509579698592
38.2586158541315
-5.89817991798636
-25.7731707100945
-53.7734756231626
-22.0115983872866
50.9674263085924
-90.349748636337
10.7345891040839
3.87997454979319
-22.7167095515228
0.68977989847621
-39.633151540376
23.6248617939273
10.633195777345
58.6536030657148
20.7822085786657
-36.9229426961626
0.478047392101601
-17.0179213454851
-20.2405728908808
22.9226856223332
-20.5624210381018
14.0851788243522
-20.2307037563651
-11.1006754259475
-5.6292672267503
11.5674893244765
25.4578513168781
-32.5213091886362
24.6753425841232
-5.98603824610608
29.2029490070674
-43.2116629757644
-36.5035926167415
12.1132449602502
7.4865172163453
35.9058603505598
35.8332239091093
9.78225556356713
55.7943205130198
43.9328237798263
-25.8529823654745
-13.1270055948246
-29.682331692127
-2.86466565385406
